1948 1858 1519 1050 588 1588650 33406946
2002 1883 1506 1065 575 
1955 1873 1512 1026 624 
1966 1861 1571 930 636 
1951 1841 1562 1039 621 
1878 1863 1515 1018 634 
1931 1791 1537 1019 606 
1934 1935 1498 1013 625 
1914 1849 1490 1060 619 
1877 1847 1505 1030 599 
1966 1840 1511 1091 609 
1957 1814 1501 991 601 
1949 1902 1486 1019 623 
1963 1870 1519 1041 602 
1981 1875 1547 996 612 
1973 1840 1500 1028 585 
1989 1870 1498 1051 620 
1904 1859 1505 997 615 
1980 1902 1509 1020 612 
1914 1845 1516 1047 649 
1966 1882 1481 1057 600 
1977 1903 1573 986 630 
1940 1894 1494 1007 622 
1982 1852 1495 1027 577 
1983 1915 1539 1000 597 
1906 1872 1526 1050 616 
1985 1825 1543 1034 569 
1940 1877 1500 1048 596 
2006 1891 1512 1005 622 
1928 1820 1482 1026 561 
1969 1900 1518 1001 612 
1967 1846 1491 1043 558 
1942 1820 1503 1055 602 
1907 1914 1515 1058 619 
1904 1878 1514 1041 613 
1920 1813 1552 1038 619 
1960 1877 1546 1056 614 
1931 1840 1509 981 583 
1920 1851 1520 1014 600 
1956 1866 1502 1058 569 
1878 1892 1518 1027 614 
1938 1862 1484 1070 618 
1945 1914 1472 1015 618 
1983 1844 1545 1010 606 
1911 1850 1521 984 623 
1994 1826 1522 1002 616 
1965 1865 1459 1016 626 
1883 1860 1528 1052 625 
1992 1909 1549 1045 637 
1925 1897 1484 1005 609 
1925 1813 1526 1047 659 
1964 1879 1565 1048 609 
1920 1864 1495 1000 578 
1965 1882 1524 1016 598 
2002 1874 1559 1066 597 
1953 1877 1551 1014 606 
1954 1850 1520 1010 659 
1962 1867 1516 1050 613 
1958 1869 1521 1031 604 
1875 1866 1527 1024 587 
1933 1825 1557 1033 626 
1996 1832 1532 1002 602 
1972 1842 1520 1051 566 
1931 1868 1492 1019 625 
1927 1891 1500 1041 588 
1993 1850 1557 1048 618 
1934 1829 1515 1020 603 
1925 1853 1488 1034 561 
1929 1756 1519 1011 660 
1942 1800 1520 1053 610 
1960 1861 1483 1036 617 
1918 1838 1534 1030 621 
1925 1878 1509 984 604 
1929 1815 1474 1038 610 
1929 1850 1536 942 645 
1977 1831 1528 1068 589 
1937 1851 1508 1052 617 
1945 1887 1501 1033 676 
2020 1846 1471 1044 596 
1942 1815 1513 993 631 
1951 1876 1509 1005 587 
1946 1857 1491 1008 571 
1967 1865 1481 1066 592 
1916 1824 1523 1080 633 
1988 1854 1539 1117 578 
1908 1880 1543 1086 604 
1967 1859 1537 1016 636 
1955 1888 1510 1055 595 
1905 1830 1539 1038 620 
1979 1844 1510 1069 685 
1915 1930 1532 1032 626 
1928 1832 1552 1005 622 
1886 1813 1529 1039 659 
1948 1828 1454 1041 601 
1998 1870 1515 999 593 
1956 1812 1470 987 595 
1960 1857 1511 1001 622 
1990 1821 1550 998 576 
1949 1872 1501 1064 587 
1945 1830 1519 1040 584 
