298 85 1588650 33406946
347 81 
333 97 
353 88 
370 104 
335 75 
355 99 
320 97 
333 85 
314 91 
336 106 
334 103 
351 107 
319 78 
374 90 
340 89 
345 89 
325 100 
354 80 
334 68 
336 84 
349 89 
350 78 
361 98 
335 91 
325 89 
350 104 
350 102 
325 73 
357 86 
345 77 
329 99 
337 99 
336 96 
343 89 
326 91 
351 94 
343 82 
306 82 
317 75 
306 91 
332 103 
333 90 
371 98 
335 102 
341 102 
342 93 
351 99 
318 108 
367 99 
342 95 
348 100 
318 82 
318 75 
323 83 
349 103 
324 97 
308 74 
345 99 
329 96 
337 106 
322 111 
322 85 
296 88 
373 76 
351 101 
335 85 
308 91 
329 80 
347 88 
314 77 
351 83 
341 81 
349 100 
317 101 
338 89 
343 102 
362 85 
339 95 
339 109 
329 94 
315 94 
329 92 
333 85 
294 97 
333 98 
338 83 
318 90 
347 93 
333 101 
308 85 
329 95 
338 77 
335 89 
308 79 
338 92 
352 85 
336 101 
353 88 
299 84 
