366 99 1711354 37807581
352 108 
352 98 
328 109 
384 103 
391 106 
356 103 
378 111 
350 100 
383 98 
350 96 
349 91 
361 86 
360 96 
350 98 
367 93 
351 98 
351 85 
355 98 
381 87 
365 92 
331 97 
360 94 
337 90 
374 107 
371 86 
352 104 
371 108 
366 99 
345 86 
336 84 
321 114 
338 107 
369 84 
374 93 
352 101 
365 93 
370 100 
366 94 
357 88 
366 81 
364 106 
366 95 
354 82 
336 100 
384 100 
387 81 
337 94 
390 86 
356 88 
378 99 
366 105 
353 84 
355 82 
340 105 
341 100 
372 95 
372 96 
351 105 
365 94 
368 98 
384 83 
361 104 
331 100 
363 96 
348 93 
365 95 
347 75 
356 114 
339 106 
365 83 
363 98 
391 88 
344 89 
353 94 
335 92 
373 104 
353 101 
347 92 
350 95 
336 111 
325 108 
346 106 
334 87 
360 75 
360 105 
349 94 
378 106 
351 102 
378 103 
363 101 
328 88 
361 98 
317 106 
364 96 
354 91 
347 93 
367 111 
372 94 
394 92 
