1923 1873 1557 1052 619 1711354 37807581
1916 1863 1572 1043 643 
2009 1826 1587 1061 645 
1937 1871 1553 1100 661 
1899 1858 1616 1082 649 
1898 1835 1560 1055 641 
1982 1881 1535 1070 648 
1963 1884 1550 1082 643 
1911 1861 1576 1073 645 
1931 1859 1549 1022 633 
1918 1901 1499 1073 709 
1954 1873 1571 1090 672 
1917 1872 1533 1068 625 
1886 1898 1560 1073 654 
1962 1896 1588 1093 638 
1926 1876 1610 1136 592 
1934 1888 1525 1104 682 
1929 1852 1523 1078 617 
1928 1871 1546 1104 639 
1999 1847 1541 1027 647 
1998 1850 1619 1098 594 
1907 1861 1568 1091 679 
1951 1869 1572 1063 651 
1962 1840 1540 1032 631 
1917 1867 1605 1101 623 
1896 1846 1530 1140 670 
1957 1897 1557 1056 645 
1936 1927 1622 1095 656 
1936 1899 1600 1065 652 
1941 1896 1528 1091 641 
1913 1858 1592 1017 575 
1907 1841 1551 1030 661 
2054 1892 1576 1074 670 
1972 1888 1532 1091 647 
1944 1918 1592 1108 619 
1937 1890 1546 1124 673 
1933 1896 1534 1040 665 
1998 1901 1565 1132 630 
1981 1920 1561 1101 655 
1896 1866 1528 1092 680 
1957 1875 1571 1074 651 
1948 1891 1540 1081 640 
1964 1856 1550 1123 641 
1974 1883 1610 1057 679 
1925 1853 1557 1090 673 
1962 1825 1537 1141 628 
1894 1889 1582 1083 639 
1969 1914 1595 1037 627 
1952 1920 1533 1099 656 
1883 1818 1581 1093 656 
1927 1814 1585 1095 625 
1991 1861 1547 1079 667 
1897 1913 1614 1088 617 
1887 1848 1539 1035 656 
1949 1896 1528 1097 652 
1954 1904 1575 1060 627 
1991 1891 1557 1105 658 
1916 1873 1592 1055 618 
1913 1862 1617 1069 656 
1884 1874 1542 1059 716 
1974 1889 1585 1097 641 
1970 1869 1554 1062 645 
1961 1857 1558 1106 673 
1910 1809 1563 1063 666 
1993 1832 1545 1099 640 
1933 1939 1598 1075 651 
1924 1839 1591 1046 622 
1939 1866 1565 1065 613 
1913 1929 1527 1099 659 
1939 1856 1552 1109 644 
2025 1845 1602 1069 626 
1890 1889 1563 1021 678 
1896 1932 1595 1103 620 
1914 1924 1557 1112 627 
1935 1847 1565 1062 639 
2012 1906 1574 1115 660 
1930 1912 1557 1076 634 
1932 1912 1594 1102 635 
1942 1892 1575 1076 676 
1921 1852 1586 1056 638 
1941 1854 1558 1076 666 
1975 1896 1537 1044 636 
1939 1911 1572 1083 633 
1944 1903 1528 1103 662 
1985 1897 1627 1087 681 
1926 1944 1558 1123 665 
1912 1871 1585 1102 669 
2006 1836 1578 1126 660 
1974 1898 1544 1110 651 
1899 1856 1509 1080 651 
1948 1873 1605 1041 656 
1944 1916 1625 1049 640 
1868 1919 1573 1076 690 
1953 1839 1629 1069 661 
1882 1902 1565 1065 653 
1947 1837 1576 1047 651 
1903 1876 1565 1124 603 
1898 1859 1577 1094 661 
1935 1892 1595 1048 667 
1962 1881 1600 1060 680 
