1235 782 436 212 124 266769 9359679
1256 764 436 230 129 
1250 751 427 215 117 
1256 760 413 224 117 
1200 759 414 224 119 
1235 787 429 242 111 
1236 745 435 244 127 
1239 748 450 216 131 
1239 807 451 253 120 
1226 766 425 224 128 
1273 754 445 207 137 
1211 766 443 266 94 
1254 795 436 224 115 
1286 793 417 239 137 
1212 749 430 223 132 
1237 778 444 237 114 
1231 778 433 228 113 
1290 770 433 230 122 
1253 777 449 207 124 
1255 741 426 239 111 
1244 781 413 240 132 
1203 748 446 233 121 
1257 819 425 239 138 
1214 788 421 239 117 
1263 771 441 212 114 
1217 819 434 230 108 
1283 768 447 224 93 
1211 753 462 231 105 
1231 792 453 239 112 
1274 772 444 225 107 
1142 769 438 240 124 
1231 790 413 250 138 
1270 726 462 236 113 
1236 750 438 234 130 
1262 778 447 251 106 
1264 773 412 224 112 
1191 773 431 233 130 
1283 773 409 261 109 
1240 789 435 213 117 
1250 789 415 224 123 
1203 749 451 229 125 
1233 775 438 227 117 
1220 767 439 242 123 
1199 750 448 238 111 
1213 744 430 214 105 
1207 792 420 230 108 
1246 774 433 225 113 
1246 727 442 243 127 
1274 792 466 210 145 
1185 750 454 226 125 
1231 763 419 248 124 
1215 796 448 218 138 
1284 761 398 232 116 
1223 812 422 234 121 
1279 785 438 216 125 
1290 757 433 242 139 
1227 761 437 210 109 
1264 790 452 245 104 
1213 768 413 235 121 
1231 768 470 216 129 
1310 724 407 238 118 
1203 786 445 241 125 
1185 767 427 233 119 
1196 730 438 235 107 
1210 785 455 234 118 
1232 744 430 222 121 
1285 817 427 236 99 
1294 724 419 232 129 
1282 774 433 215 123 
1186 780 431 271 107 
1189 792 454 239 117 
1234 764 426 247 125 
1264 816 457 258 125 
1289 781 462 225 117 
1265 781 438 228 98 
1260 774 415 249 98 
1202 764 444 222 115 
1219 780 412 249 111 
1230 779 455 228 105 
1199 748 408 214 114 
1235 768 436 238 134 
1246 782 455 231 130 
1251 755 403 222 118 
1240 741 454 228 134 
1214 769 454 256 128 
1236 810 412 260 116 
1214 803 415 228 132 
1271 784 455 241 123 
1191 767 428 259 105 
1260 752 429 272 121 
1235 767 448 212 131 
1263 809 446 254 134 
1178 788 437 227 118 
1227 787 443 248 106 
1253 767 459 225 125 
1224 836 436 213 92 
1217 781 436 206 110 
1247 769 423 224 96 
1257 786 433 210 117 
1278 764 401 227 112 
