1528 654 13459419 32579029
1521 639 
1508 673 
1516 611 
1614 617 
1537 643 
1556 628 
1612 663 
1641 681 
1589 640 
1530 630 
1562 616 
1535 638 
1538 638 
1644 616 
1507 617 
1534 684 
1542 662 
1549 661 
1538 633 
1545 635 
1565 637 
1560 649 
1487 662 
1552 640 
1509 646 
1647 613 
1587 609 
1548 658 
1578 665 
1509 631 
1547 650 
1590 675 
1522 653 
1524 629 
1501 623 
1525 654 
1543 643 
1576 642 
1560 642 
1577 632 
1532 629 
1525 660 
1610 648 
1557 649 
1595 643 
1627 616 
1542 624 
1568 610 
1521 643 
1512 625 
1538 635 
1509 657 
1530 625 
1584 681 
1575 653 
1580 616 
1527 683 
1583 664 
1624 642 
1537 678 
1545 672 
1579 597 
1541 651 
1599 616 
1530 645 
1571 615 
1588 624 
1547 666 
1596 635 
1483 617 
1576 630 
1588 637 
1537 653 
1506 653 
1537 665 
1493 651 
1531 643 
1504 642 
1591 634 
1599 634 
1588 672 
1545 622 
1532 634 
1552 676 
1516 625 
1634 633 
1553 652 
1633 682 
1592 636 
1554 659 
1533 610 
1600 659 
1538 675 
1514 621 
1529 656 
1554 597 
1559 662 
1579 614 
1487 647 
