1900 1906 1963 1926 1842 13459419 32579029
1920 1935 1959 1971 1874 
1920 1928 1955 1927 1873 
1961 1947 1975 1929 1916 
1909 1956 1919 1924 1880 
1952 1956 1961 1984 1845 
1886 1983 1896 1939 1865 
1937 1936 1938 1933 1887 
2001 1902 1911 1968 1864 
1971 1874 1931 1910 1885 
1914 1941 1929 1969 1894 
1995 1966 1897 1904 1900 
1950 1951 1959 1970 1861 
1927 1951 1968 1930 1853 
1977 1956 1946 1950 1903 
1972 1934 1938 1922 1814 
1956 1932 1959 1933 1853 
1983 1938 1950 1942 1906 
1936 1950 1948 1966 1824 
1964 1917 1965 1910 1820 
1923 1909 1897 1909 1832 
1942 1930 1883 1946 1864 
1989 1940 1932 1924 1854 
1979 1973 1930 1948 1842 
1943 1992 2021 1977 1844 
1928 1936 1896 1955 1848 
1942 1990 1962 1937 1882 
1952 1872 1943 1931 1921 
1937 1989 1964 1974 1890 
1952 2024 1899 1955 1865 
1901 1920 1957 1929 1923 
1918 1944 1973 1977 1946 
1935 1941 1919 1967 1865 
1955 1981 1968 1920 1874 
1983 1899 1940 1923 1850 
1940 1881 1929 1963 1824 
1881 1957 1949 1891 1798 
1886 1941 1891 1925 1863 
2009 1934 2017 1913 1892 
1957 1910 1982 1965 1861 
1961 1935 1962 1958 1900 
1912 1966 1990 1915 1820 
1960 2018 1930 1992 1863 
1945 1976 1876 1968 1889 
1906 1962 1984 1942 1858 
1955 1916 1938 1903 1818 
1966 1897 1950 1975 1864 
1967 1918 1958 1906 1842 
1969 1925 1914 1953 1859 
1883 1976 1908 2011 1913 
1939 1906 1869 1973 1849 
1910 1934 1920 1887 1864 
1922 1918 1950 1942 1907 
1943 1981 2012 1918 1911 
1973 1990 1966 1982 1842 
1969 1922 1929 2007 1876 
1968 1960 1958 1959 1828 
1976 1948 1909 1931 1882 
1937 1948 1947 1935 1849 
1952 1914 1912 1946 1898 
1929 1943 1977 1924 1828 
1961 1909 1952 1941 1864 
1923 1980 1955 1942 1857 
1908 1995 1968 1960 1872 
1911 1912 1901 1896 1875 
1966 1945 1857 1935 1807 
1909 1993 1956 2020 1850 
1968 1964 1945 1914 1842 
1956 1982 1860 1962 1841 
1922 1955 1942 1909 1780 
1992 1924 1957 1960 1853 
1918 1929 1966 1951 1897 
1913 1904 1958 1866 1862 
1919 1989 1995 1915 1870 
1930 1957 1918 2000 1893 
1943 1969 1922 1954 1849 
1900 1946 1934 1931 1859 
1962 1899 1987 1984 1792 
1952 1909 1909 1968 1885 
1973 1957 1890 1963 1878 
1993 2005 1938 1946 1890 
1939 1916 1970 1968 1844 
1923 1939 1909 1946 1865 
1976 1942 1889 1919 1861 
1957 1955 1994 2010 1907 
1919 1937 1899 1922 1873 
1979 1994 1955 1935 1928 
1926 1918 1970 1966 1861 
1941 1952 1960 1963 1877 
1889 1944 1997 1934 1884 
1986 1950 1947 1956 1889 
2008 1965 1923 2014 1868 
1941 1956 1987 1935 1896 
1973 1936 1943 1947 1886 
1981 1970 1948 1916 1874 
1924 1930 1967 2004 1912 
1913 1990 1986 1949 1881 
1906 1985 1960 1947 1853 
1929 1947 1960 1923 1868 
1939 1897 1928 1998 1843 
